[gd_scene load_steps=6 format=3 uid="uid://dbgppvanvatqw"]

[ext_resource type="Script" path="res://_project/scripts/game_scene.gd" id="1_wu6qs"]
[ext_resource type="Script" path="res://addons/phantom_camera/scripts/phantom_camera/phantom_camera_3D.gd" id="2_pbnsh"]
[ext_resource type="Environment" uid="uid://1n130jbr0ire" path="res://_project/scenes/Game/game_environment.tres" id="2_xjoun"]
[ext_resource type="LightmapGIData" uid="uid://dvitw0eqv3vna" path="res://_project/scenes/Game/Game.lmbake" id="4_1jmjs"]
[ext_resource type="PackedScene" uid="uid://vqqnqi5y2loe" path="res://_project/prefabs/Arena.tscn" id="6_2y6li"]

[node name="Game" type="Node3D" node_paths=PackedStringArray("_pcam", "_players_parent", "_respawn_points")]
script = ExtResource("1_wu6qs")
_pcam = NodePath("PhantomCamera3D")
_players_parent = NodePath("Players")
_respawn_points = [NodePath("RespawnPoints/0"), NodePath("RespawnPoints/1"), NodePath("RespawnPoints/2"), NodePath("RespawnPoints/3")]

[node name="WorldEnvironment" type="WorldEnvironment" parent="."]
environment = ExtResource("2_xjoun")

[node name="PhantomCamera3D" type="Node3D" parent="."]
transform = Transform3D(1, 0, 0, 0, 0.829037, 0.559193, 0, -0.559193, 0.829037, 0, 0.559193, 0.829037)
script = ExtResource("2_pbnsh")
priority_override = false
priority = 0
follow_mode = 3
follow_group = Array[NodePath]([NodePath("../Center")])
follow_parameters/auto_distance = true
follow_parameters/min_distance = 5.0
follow_parameters/max_distance = 50.0
follow_parameters/auto_distance_divisor = 30.0
follow_parameters/target_offset = Vector3(0, 0, 0)
follow_parameters/damping = false
look_at_mode = 3
look_at_group = Array[NodePath]([])
tween_parameters = null
tween_on_load = true
inactive_update_mode = 0
camera_3D_resource = null

[node name="DirectionalLight3D" type="DirectionalLight3D" parent="."]
transform = Transform3D(0.826118, -0.336784, 0.45178, 0, 0.801744, 0.597668, -0.563497, -0.493744, 0.662335, 0, 0, 0)
light_color = Color(0.913725, 0.756863, 0.611765, 1)
light_energy = 2.0
shadow_enabled = true

[node name="DirectionalLight3D2" type="DirectionalLight3D" parent="."]
transform = Transform3D(-0.944308, 0.196671, -0.263825, 1.1247e-08, 0.801744, 0.597668, 0.329064, 0.564382, -0.757093, 0, 0, 0)
light_color = Color(0.533333, 0.835294, 0.984314, 1)
light_energy = 0.5
light_bake_mode = 1

[node name="LightmapGI" type="LightmapGI" parent="."]
quality = 0
light_data = ExtResource("4_1jmjs")

[node name="Arena" parent="." instance=ExtResource("6_2y6li")]

[node name="Players" type="Node" parent="."]

[node name="RespawnPoints" type="Node3D" parent="."]

[node name="0" type="Node3D" parent="RespawnPoints"]
transform = Transform3D(1, 0, 0, 0, 1, 0, 0, 0, 1, -3.13625, -9.53674e-07, -2.48742)

[node name="1" type="Node3D" parent="RespawnPoints"]
transform = Transform3D(1, 0, 0, 0, 1, 0, 0, 0, 1, 6.34608, 9.53674e-07, -5.63877)

[node name="2" type="Node3D" parent="RespawnPoints"]
transform = Transform3D(1, 0, 0, 0, 1, 0, 0, 0, 1, -3.17741, 0, 5.22894)

[node name="3" type="Node3D" parent="RespawnPoints"]
transform = Transform3D(1, 0, 0, 0, 1, 0, 0, 0, 1, 3.29653, 0, 2.45101)

[node name="Center" type="Node3D" parent="."]
